Media temp (compressione): 0.0603 $\pm$ 0.0002
 Stima n: 0.011252 $\pm$ 0.000003
 compatib: 0.675874
a: {-1.642;0.00444393}	 b: {25.5611;0.00662055}
Corr: 0.999942 T: 3860.88 g.l. 1736
a: -1.642 $\pm$ 0.004	 b: 25.561 $\pm$ 0.007
