Media temp (espansione): 0.08901 $\pm$ 0.00010
 Stima n: 0.011257 $\pm$ 0.000006
a: {-1.81634;0.00829302}	 b: {25.5738;0.013159}
Corr: 0.999873 T: 1943.45 g.l. 957
a: -1.816 $\pm$ 0.008	 b: 25.57 $\pm$ 0.01
