Media temp (compressione): 10.1339 $\pm$ 0.0003
 Stima n: 0.011332 $\pm$ 0.000004
 compatib: 4.970490
a: {-1.79524;0.00553171}	 b: {26.692;0.00920383}
Corr: 0.999936 T: 2900.1 g.l. 1074
a: -1.795 $\pm$ 0.006	 b: 26.692 $\pm$ 0.009
