Media temp (espansione): 10.1760 $\pm$ 0.0003
 Stima n: 0.011373 $\pm$ 0.000007
a: {-2.04284;0.0102784}	 b: {26.7904;0.016616}
Corr: 0.999842 T: 1612.32 g.l. 823
a: -2.04 $\pm$ 0.01	 b: 26.79 $\pm$ 0.02
