Media temp (compressione): 20.090000000000114 $\pm$ 0.000000000000005
 Stima n: 0.011311 $\pm$ 0.000005
 compatib: 7.252128
a: {-1.86535;0.00734766}	 b: {27.5777;0.0120932}
Corr: 0.999939 T: 2280.42 g.l. 633
a: -1.865 $\pm$ 0.007	 b: 27.58 $\pm$ 0.01
