Media temp (espansione): 20.090000000000114 $\pm$ 0.000000000000005
 Stima n: 0.011376 $\pm$ 0.000008
a: {-2.12948;0.0111046}	 b: {27.7367;0.0182931}
Corr: 0.999867 T: 1516.23 g.l. 612
a: -2.13 $\pm$ 0.01	 b: 27.74 $\pm$ 0.02
