Media temp (compressione): 30.0426 $\pm$ 0.0004
 Stima n: 0.011356 $\pm$ 0.000005
 compatib: 8.670073
a: {-1.99679;0.0073273}	 b: {28.626;0.0121501}
Corr: 0.999936 T: 2356.04 g.l. 716
a: -1.997 $\pm$ 0.007	 b: 28.63 $\pm$ 0.01
