Media temp (espansione): 29.9897 $\pm$ 0.0004
 Stima n: 0.011431 $\pm$ 0.000007
a: {-2.27924;0.0104855}	 b: {28.8119;0.0183584}
Corr: 0.999874 T: 1569.41 g.l. 619
a: -2.28 $\pm$ 0.01	 b: 28.81 $\pm$ 0.02
