
a: {1.56431;0.420277}	 b: {11.76;0.448017}
Corr: 0.989289 T: 26.2491 g.l. 15
a: 1.6 $\pm$ 0.4	 b: 11.8 $\pm$ 0.4
