
a: {-261.908;4.578}	 b: {251.762;4.22274}
Corr: 0.997897 T: 59.6206 g.l. 15
a: -262 $\pm$ 5	 b: 252 $\pm$ 4
