
a: {20.7826;1.0184}	 b: {0.819839;0.251418}
Corr: 0.842279 T: 86.6474 g.l. 3075
a: 21 $\pm$ 1	 b: 0.8 $\pm$ 0.3
