
a: {24.112;0.00360463}	 b: {-5.53741e-05;2.02955e-05}
Corr: -0.704744 T: -55.0839 g.l. 3075
a: 24.112 $\pm$ 0.004	 b: -0.00006 $\pm$ 0.00002
