
a: {-70.041;0.968015}	 b: {68.2167;0.918699}
Corr: 0.653802 T: 74.2536 g.l. 7385
a: -70.0 $\pm$ 1.0	 b: 68.2 $\pm$ 0.9
