
a: {1.59374;0.00232676}	 b: {0.00066012;5.45618e-06}
Corr: 0.998911 T: 1840.1 g.l. 7385
a: 1.594 $\pm$ 0.002	 b: 0.000660 $\pm$ 0.000005
